Book: book.txt
Weight: bce.weights
Changing To Opening Mode
Loading Book [book.txt]
{04143, 02624, 06052, 03635, 03133, 02433, 05233, 06755, 01022, 0605, 02064, 04645, 05153, 03715, 03031, 01511, 010, }
{04143, 02624, 06052, 03635, 03133, 02433, 05233, 06755, 01022, 0605, 02064, 04645, 05153, 03715, 03312, 05746, }
{04143, 02624, 06052, 03635, 03133, 02433, 05233, 06755, 01022, 0605, 02064, 04645, 05153, 05746, 03052, 03726, 04020, 01736, 06163, }
{04143, 02624, 06052, 03635, 03133, 02433, 05233, 06755, 01022, 0605, 02064, 04645, 05153, 05746, 03052, 07675, 06473, 03726, }
{04143, 02624, 06052, 03635, 03133, 02433, 05233, 06755, 01022, 0605, 02064, 04645, 05153, 01614, 04344, 03544, 05344, 03726, 03041, }
{04143, 02624, 06052, 03635, 03133, 02433, 05233, 06755, 01022, 0605, 02064, 04645, 05153, 01736, }
{04143, 02624, 06052, 03635, 03133, 02433, 05233, 06755, 01022, 0605, 02064, 04645, 05153, 03726, }
{04143, 02624, 06052, 03635, 03133, 02433, 05233, 06755, 01022, 0605, 02064, 04645, 03052, 07675, }
{04143, 02624, 06052, 03635, 03133, 02433, 05233, 06755, 01022, 0605, 02064, 01736, }
{04143, 02624, 06052, 03635, 03133, 02433, 05233, 06755, 01022, 0605, 05041, 04645, 04060, }
{04143, 02624, 06052, 03635, 03133, 02433, 05233, 06755, 01022, 0605, 05041, 04645, 05153, }
{04143, 02624, 06052, 03635, 03133, 02433, 05233, 06755, 01022, 0605, 05041, 04644, 03312, 05746, 04060, 04767, }
{04143, 02624, 06052, 03635, 03133, 02433, 05233, 06755, 01022, 0605, 05041, 04644, 03312, 05746, 02042, }
{04143, 02624, 06052, 03635, 03133, 02433, 05233, 06755, 01022, 0605, 05041, 04644, 03312, 02745, 05153, }
{04143, 02624, 06052, 03635, 03133, 02433, 05233, 06755, 01022, 0605, 05041, 01736, 05153, }
{04143, 02624, 06052, 03635, 03133, 02433, 05233, 06755, 01022, 0605, 02042, 04645, 03031, }
{04143, 02624, 06052, 03635, 03133, 02433, 05233, 06755, 01022, 0605, 02042, 04645, 05153, }
{04143, 02624, 06052, 03635, 03133, 02433, 05233, 06755, 01022, 0605, 02042, 04644, 03312, 02745, }
{04143, 02624, 06052, 03635, 03133, 02433, 05233, 06755, 01022, 0605, 02042, 04644, 03352, 03726, }
{04143, 02624, 06052, 03635, 03133, 02433, 05233, 06755, 01022, 0605, 05153, 04645, 05041, }
{04143, 02624, 06052, 03635, 03133, 02433, 05233, 06755, 01022, 0605, 05153, 04644, 03352, 01736, }
{04143, 02624, 06052, 03635, 03133, 02433, 05233, 06755, 01022, 0605, 05153, 03726, 05032, }
{04143, 02624, 06052, 03635, 03133, 02433, 05233, 06755, 01022, 0605, 05153, 01736, 05041, 04644, }
{04143, 02624, 06052, 03635, 03133, 02433, 05233, 06755, 01022, 0605, 05153, 01736, 0103, }
{04143, 02624, 06052, 03635, 03133, 02433, 05233, 06755, 01022, 0605, 05023, 04645, 02312, 01614, 04060, }
{04143, 02624, 06052, 03635, 03133, 02433, 05233, 06755, 01022, 0605, 05023, 04645, 02312, 05746, }
{04143, 02624, 06052, 03635, 03133, 02433, 05233, 06755, 01022, 0605, 05023, 04645, 04060, 01614, }
{04143, 02624, 06052, 03635, 03133, 02433, 05233, 06755, 01022, 0605, 06162, 04644, 03341, }
{04143, 02624, 06052, 03635, 03133, 02433, 05233, 06755, 01022, 0605, 06162, 04645, 05061, 05746, }
{04143, 02624, 06052, 03635, 03133, 02433, 05233, 06755, 01022, 0605, 0103, 01725, }
{04143, 02624, 06052, 03635, 03133, 02433, 05233, 06755, 01022, 0605, 0103, 04645, }
{04143, 02624, 06052, 03635, 03133, 02433, 05233, 06755, 01022, 01725, 02064, 04645, 03031, 0605, 04020, 07675, 06442, 05746, }
{04143, 02624, 06052, 03635, 03133, 02433, 05233, 06755, 01022, 01725, 02064, 04645, 03031, 0605, 04020, 07675, 06453, 02736, 03325, 03625, 05152, }
{04143, 02624, 06052, 03635, 03133, 02433, 05233, 06755, 01022, 01725, 02064, 04645, 03031, 0605, 04020, 02736, 05153, 01614, 06455, }
{04143, 02624, 06052, 03635, 03133, 02433, 05233, 06755, 01022, 01725, 02064, 04645, 03031, 0605, 04020, 02736, 05153, 05746, }
{04143, 02624, 06052, 03635, 03133, 02433, 05233, 06755, 01022, 01725, 02064, 04645, 03031, 0605, 04020, 02736, 05152, }
{04143, 02624, 06052, 03635, 03133, 02433, 05233, 06755, 01022, 01725, 02064, 04645, 03031, 05746, 04020, 04767, 05153, 07675, }
{04143, 02624, 06052, 03635, 03133, 02433, 05233, 06755, 01022, 01725, 02064, 04645, 03031, 05746, 04020, 04767, 03312, 03715, }
{04143, 02624, 06052, 03635, 03133, 02433, 05233, 06755, 01022, 01725, 02064, 04645, 03031, 05746, 04020, 04767, 03312, 0605, }
{04143, 02624, 06052, 03635, 03133, 02433, 05233, 06755, 01022, 01725, 02064, 04645, 03031, 05746, 04020, 02533, 03133, 04767, 05153, 03704, 05023, 02736, 04344, 03544, 05344, 03625, 06431, 05536, 02234, 0437, 03446, 03746, 07040, 03615, }
{04143, 02624, 06052, 03635, 03133, 02433, 05233, 06755, 01022, 01725, 02064, 02736, 03031, }
{04143, 02624, 06052, 03635, 03133, 02433, 05233, 06755, 01022, 01725, 02064, 0605, 03031, }
{04143, 02624, 06052, 03635, 03133, 02433, 05233, 06755, 01022, 01725, 02064, 03715, 03312, 04645, 03031, }
{04143, 02624, 06052, 03635, 03133, 02433, 05233, 06755, 01022, 01725, 05023, 04645, 02042, 05746, 03041, }
{04143, 02624, 06052, 03635, 03133, 02433, 05233, 06755, 01022, 01725, 05023, 04645, 02042, 0605, 03041, }
{04143, 02624, 06052, 03635, 03133, 02433, 05233, 06755, 01022, 01725, 05023, 04645, 02312, 05746, }
{04143, 02624, 06052, 03635, 03133, 02433, 05233, 06755, 01022, 01725, 05023, 03715, 03312, }
{04143, 02624, 06052, 03635, 03133, 02433, 05233, 06755, 01022, 01725, 05023, 02736, 02312, }
{04143, 02624, 06052, 03635, 03133, 02433, 05233, 06755, 01022, 01725, 05041, 04645, }
{04143, 02624, 06052, 03635, 03133, 02433, 05233, 06755, 01022, 01725, 05041, 04644, }
{04143, 02624, 06052, 03635, 03133, 02433, 05233, 06755, 01022, 01725, 02042, 04645, }
{04143, 02624, 06052, 03635, 03133, 02433, 05233, 06755, 01022, 01725, 06162, 06665, }
{04143, 02624, 06052, 03635, 03133, 02433, 05233, 06755, 01022, 01725, 05153, 04645, }
{04143, 02624, 06052, 03635, 03133, 02433, 05233, 06755, 01022, 04645, 06163, 07675, 07173, 01725, }
{04143, 02624, 06052, 03635, 03133, 02433, 05233, 06755, 01022, 04645, 06163, 07675, 07060, }
{04143, 02624, 06052, 03635, 03133, 02433, 05233, 06755, 01022, 04645, 06163, 07675, 06364, }
{04143, 02624, 06052, 03635, 03133, 02433, 05233, 06755, 01022, 04645, 06163, 01725, }
{04143, 02624, 06052, 03635, 03133, 02433, 05233, 06755, 01022, 04645, 06163, 0605, }
{04143, 02624, 06052, 03635, 03133, 02433, 05233, 06755, 01022, 04645, 05041, 0605, 04060, }
{04143, 02624, 06052, 03635, 03133, 02433, 05233, 06755, 01022, 04645, 05041, 05746, 04060, }
{04143, 02624, 06052, 03635, 03133, 02433, 05233, 06755, 01022, 04645, 05041, 01725, 04060, 05746, }
{04143, 02624, 06052, 03635, 03133, 02433, 05233, 06755, 01022, 04645, 05041, 01725, 02042, 05746, }
{04143, 02624, 06052, 03635, 03133, 02433, 05233, 06755, 01022, 04645, 05153, 0605, 05041, }
{04143, 02624, 06052, 03635, 03133, 02433, 05233, 06755, 01022, 04645, 05153, 01725, }
{04143, 02624, 06052, 03635, 03133, 02433, 05233, 06755, 01022, 04645, 02042, 0605, }
{04143, 02624, 06052, 03635, 03133, 02433, 05233, 06755, 01022, 04645, 06162, 01725, }
{04143, 02624, 06052, 03635, 03133, 02433, 05233, 06755, 01022, 04645, 05023, 01725, }
{04143, 02624, 06052, 03635, 03133, 02433, 05233, 06755, 01022, 06665, 02042, 05766, 05152, 01725, 03031, 04767, 05023, }
{04143, 02624, 06052, 03635, 03133, 02433, 05233, 06755, 01022, 06665, 02042, 05766, 05152, 01725, 05023, 04767, }
{04143, 02624, 06052, 03635, 03133, 02433, 05233, 06755, 01022, 06665, 02042, 05766, 05152, 04767, 03031, 01725, 05023, 02736, }
{04143, 02624, 06052, 03635, 03133, 02433, 05233, 06755, 01022, 06665, 02042, 05766, 05152, 04767, 03031, 01725, 04020, }
{04143, 02624, 06052, 03635, 03133, 02433, 05233, 06755, 01022, 06665, 02042, 05766, 05152, 04767, 05023, 01725, 03031, }
{04143, 02624, 06052, 03635, 03133, 02433, 05233, 06755, 01022, 06665, 02042, 05766, 05041, 01725, 04060, }
{04143, 02624, 06052, 03635, 03133, 02433, 05233, 06755, 01022, 06665, 05041, 05766, }
{04143, 02624, 06052, 03635, 03133, 02433, 05233, 06755, 01022, 06665, 06162, }
{04143, 02624, 06052, 03635, 03133, 02433, 05233, 06755, 01022, 06665, 05023, }
{04143, 02624, 06052, 03635, 03133, 02433, 03033, 01725, 05014, 02736, 01425, 03625, 01022, 06755, 02064, 04645, 04020, 05746, 07040, 04767, 02010, }
{04143, 02624, 06052, 03635, 03133, 02433, 03033, 0605, }
{04143, 02624, 06052, 03635, 03133, 06755, 01022, 02433, 05233, 0605, 02064, }
{04143, 02624, 06052, 03635, 03133, 06755, 01022, 02433, 05233, 01725, 02064, }
{04143, 02624, 06052, 03635, 03133, 06755, 01022, 02433, 05233, 04645, 06163, }
{04143, 02624, 06052, 03635, 03133, 06755, 01022, 02433, 05233, 06665, 02042, }
{04143, 02624, 06052, 03635, 05014, 02736, 01436, 03736, 04060, }
{04143, 02624, 06052, 03635, 05014, 02736, 01436, 01736, 04060, 06755, 03041, 04645, 01112, }
{04143, 02624, 06052, 03635, 05014, 02736, 01436, 01736, 04060, 06755, 05040, 04645, 03133, }
{04143, 02624, 06052, 03635, 05014, 01725, 04060, 02736, }
{04143, 02624, 06052, 03635, 01022, 04645, }
{04143, 02624, 06052, 03635, 01022, 01725, }
{04143, 02624, 06052, 03635, 02122, 06755, 05041, }
{04143, 02624, 06052, 03635, 02122, 06755, 05032, }
{04143, 02624, 06052, 01725, 03133, 02433, 05233, 06755, 01022, 03635, 02064, 04645, 03031, 0605, 04020, 07675, 06442, }
{04143, 02624, 06052, 01725, 03133, 02433, 05233, 06755, 01022, 03635, 02064, 04645, 03031, 0605, 04020, 02736, 05153, }
{04143, 02624, 06052, 01725, 03133, 02433, 05233, 06755, 01022, 03635, 02064, 04645, 03031, 05746, 04020, 04767, 05153, }
{04143, 02624, 06052, 01725, 03133, 02433, 05233, 06755, 01022, 03635, 02064, 04645, 03031, 05746, 04020, 02533, 03133, 04767, 05153, 03704, 05023, 02736, 04344, 03544, 05344, 03625, 06431, 05536, 02234, 0437, 03446, 03746, 07040, 03615, }
{04143, 02624, 06052, 01725, 03133, 02433, 05233, 06755, 01022, 03635, 02064, 02736, 03031, }
{04143, 02624, 06052, 01725, 03133, 02433, 05233, 06755, 01022, 03635, 02064, 0605, }
{04143, 02624, 06052, 01725, 03133, 02433, 05233, 06755, 01022, 03635, 05023, 04645, 02042, }
{04143, 02624, 06052, 01725, 03133, 02433, 05233, 06755, 01022, 03635, 05023, 03715, 03312, }
{04143, 02624, 06052, 01725, 03133, 02433, 05233, 06755, 01022, 03635, 05023, 02736, 02312, }
{04143, 02624, 06052, 01725, 03133, 02433, 05233, 06755, 01022, 03635, 05041, 04645, }
{04143, 02624, 06052, 01725, 03133, 02433, 05233, 06755, 01022, 03635, 02042, 04645, }
{04143, 02624, 06052, 01725, 03133, 02433, 05233, 06755, 01022, 03635, 06162, }
{04143, 02624, 06052, 01725, 03133, 02433, 05233, 06755, 01022, 04644, 03314, 03635, 02064, 0605, 01402, }
{04143, 02624, 06052, 01725, 03133, 02433, 05233, 06755, 01022, 04644, 03314, 03635, 02234, 05534, 04334, 02546, }
{04143, 02624, 06052, 01725, 03133, 02433, 05233, 06755, 01022, 04645, 03314, 03635, }
{04143, 02624, 06052, 01725, 03133, 02433, 05233, 06755, 01022, 04645, 03325, 01625, 04344, 05534, 02243, 03726, }
{04143, 02624, 06052, 01725, 03133, 02433, 05233, 04645, 01022, 03726, 05041, 0605, 04060, }
{04143, 02624, 06052, 01725, 03133, 02433, 05233, 04645, 01022, 03726, 06162, }
{04143, 02624, 06052, 01725, 03133, 02433, 05233, 04645, 01022, 03726, 02042, }
{04143, 02624, 06052, 01725, 03133, 02433, 05233, 04645, 01022, 0605, 05041, }
{04143, 02624, 06052, 01725, 03133, 02433, 05233, 04645, 01022, 0605, 06162, }
{04143, 02624, 06052, 01725, 03133, 02433, 05233, 04645, 01022, 06755, 03314, 03635, }
{04143, 02624, 06052, 01725, 03133, 02433, 05233, 04645, 01022, 06755, 03325, 01625, 04344, 05534, 02243, 03726, }
{04143, 02624, 06052, 01725, 03133, 02433, 05233, 04645, 01022, 03635, 02042, 06755, 05023, }
{04143, 02624, 06052, 01725, 03133, 02433, 05233, 04645, 01022, 03635, 05041, 06755, }
{04143, 02624, 06052, 01725, 03133, 02433, 05233, 04645, 01022, 03635, 06162, }
{04143, 02624, 06052, 01725, 03133, 02433, 05233, 04645, 03314, 03635, 02123, 06755, 01022, 0605, 01402, 05746, }
{04143, 02624, 06052, 01725, 03133, 02433, 05233, 04645, 03314, 03635, 02123, 06755, 01422, 05746, }
{04143, 02624, 06052, 01725, 03133, 02433, 05233, 04645, 03314, 03635, 02053, 04544, 05342, 06755, }
{04143, 02624, 06052, 01725, 03133, 02433, 05233, 06665, 02123, 05766, 02042, 06755, 01022, 05563, }
{04143, 02624, 06052, 01725, 03133, 02433, 05233, 06665, 02123, 06755, 01022, 03635, }
{04143, 02624, 06052, 01725, 03133, 02433, 05233, 06665, 01022, 05766, 02042, }
{04143, 02624, 06052, 01725, 03133, 02433, 05233, 06665, 01022, 06755, 03325, }
{04143, 02624, 06052, 01725, 03133, 02433, 05233, 06665, 02042, 05766, }
{04143, 02624, 06052, 01725, 03133, 02433, 05233, 03726, 01022, }
{04143, 02624, 06052, 01725, 03133, 02433, 05233, 04644, 03314, 03635, 02123, }
{04143, 02624, 06052, 01725, 03133, 02433, 05233, 04644, 03314, 0605, 01435, 05735, 03035, 03755, 03530, }
{04143, 02624, 06052, 01725, 03133, 02433, 05233, 03715, 03312, 06755, 01022, 04645, 05032, 05746, }
{04143, 02624, 06052, 01725, 03133, 02433, 05233, 03715, 03312, 06755, 01022, 04645, 02042, 01526, 05032, }
{04143, 02624, 06052, 01725, 05014, 06665, 04060, 05766, 02122, }
{04143, 02624, 06052, 01725, 05014, 06665, 01425, }
{04143, 02624, 06052, 01725, 05014, 04645, 04060, }
{04143, 02624, 06052, 01725, 05014, 03635, 04060, 02736, }
{04143, 02624, 06052, 01725, 05014, 03715, 01403, }
{04143, 02624, 06052, 01725, 05014, 06755, 01022, }
{04143, 02624, 06052, 01725, 01022, 04645, 03133, }
{04143, 02624, 06052, 01725, 01022, 03635, }
{04143, 02624, 06052, 01725, 01022, 06665, }
{04143, 02624, 06052, 04645, 03133, 02433, 05233, 01725, 01022, 03726, 05041, 0605, 04060, }
{04143, 02624, 06052, 04645, 03133, 02433, 05233, 01725, 01022, 03726, 06162, 0605, 05061, 06755, }
{04143, 02624, 06052, 04645, 03133, 02433, 05233, 01725, 01022, 03726, 02042, 0605, 05032, }
{04143, 02624, 06052, 04645, 03133, 02433, 05233, 01725, 01022, 03726, 05153, 0605, 05041, }
{04143, 02624, 06052, 04645, 03133, 02433, 05233, 01725, 01022, 0605, 05041, 03726, }
{04143, 02624, 06052, 04645, 03133, 02433, 05233, 01725, 01022, 0605, 06162, }
{04143, 02624, 06052, 04645, 03133, 02433, 05233, 01725, 01022, 0605, 03325, }
{04143, 02624, 06052, 04645, 03133, 02433, 05233, 01725, 01022, 06755, 03314, 03635, }
{04143, 02624, 06052, 04645, 03133, 02433, 05233, 01725, 01022, 06755, 03325, 01625, 04344, 05534, 02243, 03726, }
{04143, 02624, 06052, 04645, 03133, 02433, 05233, 01725, 01022, 03635, 02042, 06755, 05023, }
{04143, 02624, 06052, 04645, 03133, 02433, 05233, 01725, 01022, 03635, 05041, 06755, }
{04143, 02624, 06052, 04645, 03133, 02433, 05233, 01725, 01022, 03635, 06162, }
{04143, 02624, 06052, 04645, 03133, 02433, 05233, 01725, 03314, 03635, 02123, 06755, 01022, 0605, 01402, 05746, }
{04143, 02624, 06052, 04645, 03133, 02433, 05233, 01725, 03314, 03635, 02123, 06755, 01422, 05746, }
{04143, 02624, 06052, 04645, 03133, 02433, 05233, 01725, 03314, 03635, 02053, 04544, 05342, 06755, }
{04143, 02624, 06052, 04645, 03133, 02433, 05233, 06755, 01022, 03635, 06163, 07675, 07173, }
{04143, 02624, 06052, 04645, 03133, 02433, 05233, 06755, 01022, 03635, 06163, 01725, }
{04143, 02624, 06052, 04645, 03133, 02433, 05233, 06755, 01022, 03635, 06163, 0605, }
{04143, 02624, 06052, 04645, 03133, 02433, 05233, 06755, 01022, 03635, 05041, 0605, }
{04143, 02624, 06052, 04645, 03133, 02433, 05233, 06755, 01022, 03635, 05041, 05746, }
{04143, 02624, 06052, 04645, 03133, 02433, 05233, 06755, 01022, 03635, 05153, 0605, }
{04143, 02624, 06052, 04645, 03133, 02433, 05233, 06755, 01022, 03635, 02042, 0605, }
{04143, 02624, 06052, 04645, 03133, 02433, 05233, 06755, 01022, 03635, 06162, 01725, }
{04143, 02624, 06052, 04645, 03133, 02433, 05233, 06755, 01022, 03635, 05023, 01725, }
{04143, 02624, 06052, 04645, 03133, 02433, 05233, 06755, 01022, 01725, 03314, 03635, 02053, 04544, 05364, 0605, 01402, }
{04143, 02624, 06052, 04645, 03133, 02433, 05233, 06755, 01022, 01725, 03314, 05713, 0102, }
{04143, 02624, 06052, 04645, 03133, 02433, 05233, 06755, 01022, 01725, 03325, 01625, 04344, 05534, 02243, 03726, }
{04143, 02624, 06052, 04645, 03133, 02433, 05233, 0605, 05032, 06755, 04060, 03635, 02123, }
{04143, 02624, 06052, 04645, 03133, 02433, 05233, 0605, 05032, 06755, 04060, 03726, 03041, }
{04143, 02624, 06052, 04645, 03133, 02433, 05233, 0605, 05032, 05724, 03312, 02406, }
{04143, 02624, 06052, 04645, 03133, 02433, 05233, 0605, 05032, 06665, }
{04143, 02624, 06052, 04645, 03133, 02433, 05233, 0605, 05032, 03726, }
{04143, 02624, 06052, 04645, 03133, 02433, 05233, 0605, 01022, 01725, 05041, }
{04143, 02624, 06052, 04645, 03133, 02433, 05233, 0605, 01022, 01725, 06162, }
{04143, 02624, 06052, 04645, 03133, 02433, 05233, 0605, 01022, 03726, 05032, }
{04143, 02624, 06052, 04645, 03133, 02433, 05233, 0605, 01022, 03635, }
{04143, 02624, 06052, 04645, 03133, 02433, 05233, 0605, 02123, 06755, 01022, 03726, }
{04143, 02624, 06052, 04645, 01022, 01725, 03133, }
{04143, 02624, 06052, 04645, 01022, 03635, 03133, }
{04143, 02624, 06052, 04645, 01022, 0605, 03133, 02433, 05233, 01725, }
{04143, 02624, 06052, 04645, 01022, 0605, 06162, 01725, }
{04143, 02624, 06052, 04645, 03132, 01725, 06162, 03634, }
{04143, 02624, 06052, 04645, 03132, 03634, 01031, 01725, }
{04143, 02624, 06052, 04645, 02122, 03634, 04334, }
{04143, 02624, 06052, 04645, 02122, 06755, 04344, 05534, 03133, 02433, 02233, }
{04143, 02624, 06052, 04645, 01112, 01725, }
{04143, 02624, 06052, 06665, 03133, 02433, }
{04143, 02624, 06052, 06665, 02123, }
{04143, 02624, 01022, 01725, 06162, 06665, 05061, 05766, }
{04143, 02624, 01022, 01725, 06162, 03635, 05061, 06665, 03132, 05766, 05153, }
{04143, 02624, 01022, 01725, 06052, 04645, 03133, }
{04143, 02624, 01022, 01725, 06052, 03635, }
{04143, 02624, 01022, 01725, 06041, 04645, }
{04143, 02624, 01022, 01725, 05153, 06665, }
{04143, 02624, 01022, 03635, 06052, 04645, }
{04143, 02624, 01022, 03635, 05153, }
{04143, 02624, 01022, 04645, 06052, 01725, }
{04143, 02624, 01022, 04645, 06052, 03635, }
{04143, 02624, 01022, 04645, 06041, }
{04143, 02624, 02122, 06755, 04344, 05534, 03133, 02433, 06052, 01725, }
{04143, 02624, 02122, 06755, 04344, 05534, 03133, 02433, 02233, }
{04143, 02624, 02122, 03634, 04334, 03734, 03133, 06755, 06052, 04645, }
{04143, 02624, 02122, 03634, 04334, 03734, 03133, 04645, 06052, 06755, 01002, }
{04143, 02624, 02122, 03634, 04334, 03734, 03133, 01725, 06052, 06755, }
{04143, 02624, 02122, 04645, 06052, }
{04143, 02624, 02122, 03635, 06052, }
{04143, 02624, 05153, 03634, }
{04143, 02624, 06041, 03635, }
{04143, 02624, 03133, 02433, 02122, }
{04143, 02624, 03133, 04645, 06052, }
{04143, 04644, 06052, 01725, 05014, 0605, 01403, 06755, 04060, 05746, 05040, 01614, 0312, 03635, 02122, 04767, 07172, 02504, 01221, 02624, 03133, 03726, 01031, 0425, 03324, }
{04143, 04644, 06052, 01725, 05014, 0605, 01403, 06755, 04060, 05746, 05040, 01614, 0312, 03635, 02122, 04767, 07172, 02504, 01221, 02624, 03133, 03726, 01031, 02433, 02233, 0425, }
{04143, 04644, 06052, 01725, 05014, 0605, 01403, 06755, 04060, 05746, 05040, 01614, 0312, 03635, 02122, 04767, 07172, 02504, 01221, 02624, 03133, 03726, 01031, 02736, 03150, 05747, }
{04143, 04644, 06052, 01725, 05014, 0605, 01403, 06755, 04060, 05746, 05040, 01614, 0312, 03635, 02122, 04767, 07172, 02504, 01221, 02624, 03133, 05536, }
{04143, 04644, 06052, 01725, 05014, 0605, 01403, 06755, 04060, 05746, 05040, 01614, 0312, 03635, 02122, 04767, 07172, 02504, 01221, 02624, 03133, 0425, }
{04143, 04644, 06052, 01725, 05014, 0605, 01403, 06755, 04060, 05746, 05040, 01614, 0312, 03635, 02122, 04767, 07172, 02517, 03133, 01736, 01031, 02716, 01221, 05747, 03150, 04657, }
{04143, 04644, 06052, 01725, 05014, 0605, 01403, 06755, 04060, 05746, 05040, 01614, 0312, 03635, 02122, 04767, 07172, 02517, 03133, 01736, 01031, 02716, 01221, 05747, 0103, }
{04143, 04644, 06052, 01725, 05014, 0605, 01403, 06755, 04060, 05746, 05040, 01614, 0312, 03635, 02122, 04767, 07172, 02517, 03133, 01736, 02223, }
{04143, 04644, 06052, 01725, 05014, 0605, 01403, 06755, 04060, 05746, 05040, 01614, 0312, 03635, 02122, 04767, 07172, 02517, 03132, 01736, 01031, 02716, 03150, 03624, 01221, 05747, 05062, 04657, 01113, }
{04143, 04644, 06052, 01725, 05014, 0605, 01403, 06755, 04060, 05746, 05040, 01614, 0312, 03635, 02122, 04767, 07172, 02716, 03133, 05747, 01031, 04657, 0102, }
{04143, 04644, 06052, 01725, 05014, 0605, 01403, 06755, 04060, 05746, 05040, 01614, 0312, 03635, 02122, 04767, 07172, 02716, 03133, 05747, 01031, 04657, 0103, }
{04143, 04644, 06052, 01725, 05014, 0605, 01403, 06755, 04060, 05746, 05040, 01614, 0312, 03635, 02122, 04767, 07172, 02716, 03133, 05747, 05264, 04757, 06452, 05747, 01031, }
{04143, 04644, 06052, 01725, 05014, 0605, 01403, 06755, 04060, 05746, 05040, 01614, 0312, 03635, 02122, 04767, 07172, 02716, 03133, 05747, 0103, 07675, 01031, 04657, 01221, }
{04143, 04644, 06052, 01725, 05014, 0605, 01403, 06755, 04060, 05746, 05040, 01614, 0312, 03635, 02122, 04767, 07172, 05536, 03133, 04655, }
{04143, 04644, 06052, 01725, 05014, 0605, 01403, 06755, 04060, 05746, 05040, 01614, 0312, 03635, 02122, 04767, 07172, 07675, 03133, 05747, 01031, }
{04143, 04644, 06052, 01725, 05014, 0605, 01403, 06755, 04060, 05746, 05040, 01614, 0312, 03635, 02122, 04767, 07172, 05747, 03133, }
{04143, 04644, 06052, 01725, 05014, 0605, 01403, 06755, 04060, 05746, 05040, 01614, 0312, 03635, 02122, 04767, 07172, 02745, 03133, 04512, 03012, 03534, 04334, 02504, 01221, 04433, 02233, 05534, 01022, 02625, 02243, }
{04143, 04644, 06052, 01725, 05014, 0605, 01403, 06755, 04060, 05746, 05040, 01614, 0312, 03635, 02122, 04767, 07172, 02745, 03133, 04512, 0112, 04433, }
{04143, 04644, 06052, 01725, 05014, 0605, 01403, 06755, 04060, 05746, 05040, 01614, 0312, 03635, 02122, 04767, 03133, 02763, 02042, 04433, 02233, 02504, }
{04143, 04644, 06052, 01725, 05014, 0605, 01403, 06755, 04060, 05746, 05040, 01614, 0312, 03635, 02122, 04767, 03133, 02763, 03334, 02504, 01221, 02625, }
{04143, 04644, 06052, 01725, 05014, 0605, 01403, 06755, 04060, 05746, 05040, 01614, 0312, 03635, 02122, 04767, 03132, 02504, }
{04143, 04644, 06052, 01725, 05014, 0605, 01403, 06755, 04060, 05746, 05040, 01614, 0312, 03635, 0103, 02763, }
{04143, 04644, 06052, 01725, 05014, 0605, 01403, 06755, 04060, 05746, 05040, 01614, 0312, 04767, 02122, 03635, 07172, 02504, 01221, 02624, 03133, 03726, }
{04143, 04644, 06052, 01725, 05014, 0605, 01403, 06755, 04060, 05746, 05040, 01614, 0312, 04767, 02122, 03635, 07172, 02517, 03133, }
{04143, 04644, 06052, 01725, 05014, 0605, 01403, 06755, 04060, 05746, 05040, 01614, 0312, 04767, 02122, 03635, 07172, 02716, 03133, 05747, 01031, }
{04143, 04644, 06052, 01725, 05014, 0605, 01403, 06755, 04060, 05746, 05040, 01614, 0312, 04767, 02122, 03635, 07172, 05536, 03133, 04655, }
{04143, 04644, 06052, 01725, 05014, 0605, 01403, 06755, 04060, 05746, 05040, 01614, 0312, 04767, 02122, 03635, 07172, 07675, }
{04143, 04644, 06052, 01725, 05014, 0605, 01403, 06755, 04060, 05746, 05040, 01614, 0312, 04767, 02122, 03635, 07172, 05747, }
{04143, 04644, 06052, 01725, 05014, 0605, 01403, 06755, 04060, 05746, 05040, 01614, 0312, 04767, 02122, 03635, 03133, }
{04143, 04644, 06052, 01725, 05014, 0605, 01403, 06755, 04060, 05746, 05040, 01614, 0312, 04767, 02122, 03634, 04334, 05534, 05244, 02544, 04044, 02625, 03133, 04635, 04440, }
{04143, 04644, 06052, 01725, 05014, 0605, 01403, 06755, 04060, 05746, 05040, 01614, 0312, 04767, 02122, 03634, 04334, 05534, 05244, 02544, 04044, 02625, 04440, }
{04143, 04644, 06052, 01725, 05014, 0605, 01403, 06755, 04060, 05746, 05040, 01614, 0312, 04767, 0103, 02716, 03132, 03635, 01022, }
{04143, 04644, 06052, 01725, 05014, 0605, 01403, 06755, 04060, 05746, 05040, 01614, 0312, 04767, 0103, 02716, 03132, 05747, 01022, }
{04143, 04644, 06052, 01725, 05014, 0605, 01403, 06755, 04060, 05746, 05040, 01614, 0312, 04767, 0103, 01413, 03133, }
{04143, 04644, 06052, 01725, 05014, 0605, 01403, 06755, 04060, 05746, 05040, 01614, 0312, 04767, 03133, 03635, 02122, 02763, 02042, }
{04143, 04644, 06052, 01725, 05014, 0605, 01403, 06755, 04060, 05746, 05040, 01614, 0312, 04767, 03132, 03635, }
{04143, 04644, 06052, 01725, 05014, 0605, 01403, 06755, 04060, 05746, 05040, 01614, 0312, 04767, 07172, 02716, }
{04143, 04644, 06052, 01725, 05014, 0605, 01403, 06755, 04060, 05746, 0325, 03625, 03132, }
{04143, 04644, 06052, 01725, 05014, 0605, 01403, 06755, 04060, 05746, 03041, 01614, 0312, 04767, 02122, 03635, }
{04143, 04644, 06052, 01725, 05014, 0605, 01403, 06755, 04060, 05746, 03041, 01614, 0312, 03635, 02122, }
{04143, 04644, 06052, 01725, 05014, 0605, 01403, 06755, 04060, 05543, 03133, 01614, 0312, 03634, 03344, 02745, 02122, 05724, 01031, }
{04143, 04644, 06052, 01725, 05014, 0605, 01403, 06755, 04060, 05543, 03133, 01614, 0312, 03634, 03344, 02745, 02122, 05746, 01031, }
{04143, 04644, 06052, 01725, 05014, 0605, 01403, 06755, 04060, 05543, 03133, 01614, 0312, 03634, 03344, 02745, 02122, 04324, 01031, }
{04143, 04644, 06052, 01725, 05014, 0605, 01403, 06755, 04060, 05543, 03133, 01614, 0312, 03634, 03344, 02745, 01031, 04324, 02122, 03433, }
{04143, 04644, 06052, 01725, 05014, 0605, 01403, 06755, 04060, 05543, 03133, 01614, 0312, 03634, 03344, 02745, 01031, 04324, 02122, 05746, }
{04143, 04644, 06052, 01725, 05014, 0605, 01403, 06755, 04060, 05543, 03133, 01614, 0312, 03634, 03344, 02745, 03041, 05746, }
{04143, 04644, 06052, 01725, 05014, 0605, 01403, 06755, 04060, 05543, 03133, 01614, 0312, 03634, 03344, 02745, 02042, 05746, 02122, 04767, }
{04143, 04644, 06052, 01725, 05014, 0605, 01403, 06755, 04060, 05543, 03133, 01614, 0312, 03634, 03344, 02745, 02042, 04324, 02122, }
{04143, 04644, 06052, 01725, 05014, 0605, 01403, 06755, 04060, 01614, 0312, 02716, 05040, }
{04143, 04644, 06052, 01725, 05014, 0605, 01403, 06755, 04060, 01614, 0312, 02716, 02122, }
{04143, 04644, 06052, 01725, 05014, 0605, 01403, 06755, 04060, 01614, 0312, 05746, 05040, }
{04143, 04644, 06052, 01725, 05014, 0605, 01403, 06755, 04060, 03635, 05040, }
{04143, 04644, 06052, 01725, 05014, 0605, 01403, 06755, 04060, 03635, 02122, }
{04143, 04644, 06052, 01725, 05014, 0605, 01403, 06755, 03133, 04433, 04060, 05746, 05040, }
{04143, 04644, 06052, 01725, 05014, 0605, 01403, 06755, 03041, 01614, }
{04143, 04644, 06052, 01725, 05014, 0605, 01403, 06755, 03132, 03635, }
{04143, 04644, 06052, 01725, 05014, 0605, 01403, 03635, 04060, 02736, 02122, }
{04143, 04644, 06052, 01725, 05014, 0605, 01403, 03635, 04060, 06755, }
{04143, 04644, 06052, 01725, 05014, 0605, 01403, 03635, 02122, 02736, }
{04143, 04644, 06052, 01725, 05014, 0605, 01403, 03635, 02122, 06665, }
{04143, 04644, 06052, 01725, 05014, 0605, 01403, 03635, 0325, 01625, 03133, 05655, }
{04143, 04644, 06052, 01725, 05014, 0605, 01403, 03635, 03133, }
{04143, 04644, 06052, 01725, 05014, 0605, 01425, 03625, 04060, 05655, 03133, 02763, 03344, }
{04143, 04644, 06052, 01725, 05014, 0605, 01425, 03625, 04060, 05655, 03133, 04433, 05233, 02524, 03312, }
{04143, 04644, 06052, 01725, 05014, 0605, 01425, 03625, 04060, 03735, 03132, }
{04143, 04644, 06052, 01725, 05014, 0605, 01425, 03625, 04060, 02763, }
{04143, 04644, 06052, 01725, 05014, 0605, 01425, 03625, 01022, 05655, 03133, 04433, 05233, }
{04143, 04644, 06052, 01725, 05014, 0605, 01425, 03625, 03133, 04433, 03033, 03733, 05233, 02736, 02042, 04727, 01031, }
{04143, 04644, 06052, 01725, 05014, 06755, 04060, 05543, 03133, 04335, }
{04143, 04644, 06052, 01725, 05014, 06755, 04060, 05724, 02122, }
{04143, 04644, 06052, 01725, 05014, 06755, 04060, 03635, }
{04143, 04644, 06052, 01725, 05014, 06755, 01022, 05713, 04060, }
{04143, 04644, 06052, 01725, 05014, 06755, 01022, 02533, }
{04143, 04644, 06052, 01725, 05014, 06755, 03132, 03635, 02122, }
{04143, 04644, 06052, 01725, 05014, 05654, 01022, 05443, 02243, 03634, }
{04143, 04644, 06052, 01725, 05014, 05654, 01022, 02533, 01403, }
{04143, 04644, 06052, 01725, 05014, 05654, 03132, }
{04143, 04644, 06052, 01725, 05014, 06665, 02122, }
{04143, 04644, 06052, 01725, 05014, 06665, 03133, }
{04143, 04644, 06052, 01725, 05014, 05724, 02122, }
{04143, 04644, 06052, 01725, 05014, 05724, 04060, }
{04143, 04644, 06052, 01725, 05014, 02533, 05233, 04433, 04060, 05724, }
{04143, 04644, 06052, 01725, 05014, 02533, 05233, 04433, 01423, 06755, 04060, 02625, }
{04143, 04644, 06052, 01725, 05014, 06746, 04060, }
{04143, 04644, 06052, 01725, 05023, 05724, 02122, 06755, 03132, }
{04143, 04644, 06052, 01725, 05023, 05724, 02122, 03746, 03133, 02415, 04060, 03635, }
{04143, 04644, 06052, 01725, 05023, 05724, 01113, 02413, 02122, 01304, }
{04143, 04644, 06052, 01725, 05023, 05724, 01113, 02415, 0103, }
{04143, 04644, 06052, 01725, 05023, 05724, 03132, }
{04143, 04644, 06052, 01725, 05023, 06755, 03132, 05724, }
{04143, 04644, 06052, 01725, 05023, 06755, 05264, 03634, }
{04143, 04644, 06052, 01725, 05023, 06755, 03133, 04433, 04344, }
{04143, 04644, 06052, 01725, 05023, 06755, 01022, 05724, }
{04143, 04644, 06052, 01725, 05023, 05746, 03133, 03635, }
{04143, 04644, 06052, 01725, 03133, 04433, 05233, 05724, 02042, }
{04143, 04644, 06052, 01725, 03133, 04433, 05233, 06755, 03325, }
{04143, 04644, 06052, 01725, 03133, 04433, 05233, 03773, }
{04143, 04644, 06052, 01725, 03133, 04433, 05023, 06755, }
{04143, 04644, 06052, 01725, 03133, 04433, 02122, 03322, 01022, }
{04143, 04644, 06052, 01725, 03133, 04433, 02122, 03634, 04334, 03734, 02233, 02763, }
{04143, 04644, 06052, 01725, 01022, 06755, 05014, 05713, 04060, }
{04143, 04644, 06052, 01725, 01022, 06755, 05014, 02533, }
{04143, 04644, 06052, 01725, 01022, 06755, 03133, }
{04143, 04644, 06052, 01725, 01022, 05713, }
{04143, 04644, 06052, 06755, 05244, 03635, 04452, 05543, 03133, 03534, 05032, 05746, 04060, 01725, 05040, }
{04143, 04644, 06052, 06755, 05244, 03635, 04452, 05543, 03133, 03534, 05032, 05735, 04060, }
{04143, 04644, 06052, 06755, 05244, 03635, 04452, 05543, 03133, 03534, 05032, 01725, 04060, 05746, 05040, }
{04143, 04644, 06052, 06755, 05244, 03635, 04452, 05543, 03133, 05746, 05032, 03534, 04060, 01725, 05040, }
{04143, 04644, 06052, 06755, 05244, 03635, 04452, 05543, 03041, 03746, 03132, 04355, 02064, 04641, 05041, 05746, 01022, 02625, 04020, }
{04143, 04644, 06052, 06755, 05244, 03635, 04452, 05543, 01022, 04322, }
{04143, 04644, 06052, 06755, 03133, 05543, 05032, 03634, 05244, 05735, }
{04143, 04644, 06052, 06755, 03133, 04433, }
{04143, 04644, 06052, 06755, 01022, 01725, 05014, 05713, }
{04143, 04644, 06052, 06755, 01022, 01725, 03133, }
{04143, 04644, 06052, 03635, 03133, 04433, }
{04143, 04644, 06052, 03635, 05023, 01725, }
{04143, 04644, 05153, 04453, 06052, 06664, }
{04143, 04644, 05153, 04453, 06052, 03635, }
{04143, 04644, 05153, 04453, 05023, 06755, }
{04143, 04644, 05153, 04453, 05023, 03634, }
{04143, 04644, 05153, 03634, 04334, }
{04143, 04644, 05153, 05724, 06052, 03635, 02122, }
{04143, 04644, 01022, 06755, 06162, 03634, }
{04143, 04644, 01022, 06755, 05023, 01725, }
{04143, 04644, 01022, 06755, 05153, 03634, 05344, }
{04143, 04644, 01022, 06755, 06052, 01725, 05014, }
{04143, 04644, 01022, 01725, 06052, }
{04143, 04644, 01022, 05724, 05153, }
{04143, 04644, 05023, 06755, }
{04143, 04644, 03133, 04433, 02122, }
{04143, 04644, 03133, 01725, 06052, 04433, 05233, }
{04143, 04645, 03133, 03634, 01022, 05713, 04344, 02624, 0102, 01322, 01122, 06746, 03063, 04767, 05032, }
{04143, 04645, 03133, 03634, 01022, 05713, 04344, 02624, 0102, 01322, 01122, 06746, 03063, 03726, }
{04143, 04645, 03133, 03634, 01022, 05713, 04344, 02624, 0102, 01322, 01122, 06746, 06052, 02736, }
{04143, 04645, 03133, 03634, 01022, 05713, 04344, 02624, 0102, 01322, 01122, 06746, 0203, }
{04143, 04645, 03133, 03634, 01022, 05713, 04344, 02624, 0102, 01322, 01122, 03726, 06052, }
{04143, 04645, 03133, 03634, 01022, 05713, 04344, 02624, 0102, 01304, 01113, 02433, 03063, }
{04143, 04645, 03133, 03634, 01022, 05713, 04344, 02624, 0102, 01304, 02031, 01725, }
{04143, 04645, 03133, 03634, 01022, 05713, 04344, 02624, 02031, 06746, }
{04143, 04645, 03133, 03634, 01022, 05713, 04344, 06746, 0102, 01322, 01122, 02624, 03063, 04767, }
{04143, 04645, 03133, 03634, 01022, 05713, 04344, 06746, 0102, 01322, 01122, 02624, 06052, 02736, }
{04143, 04645, 03133, 03634, 01022, 05713, 04344, 06746, 0102, 01322, 01122, 02624, 0203, }
{04143, 04645, 03133, 03634, 01022, 05713, 04344, 06746, 02031, }
{04143, 04645, 03133, 03634, 01022, 05713, 04344, 01615, 0102, }
{04143, 04645, 03133, 03634, 01022, 05713, 04344, 03736, 0102, }
{04143, 04645, 03133, 03634, 01022, 05713, 04344, 03736, 02031, }
{04143, 04645, 03133, 03634, 01022, 05713, 04334, 04534, 05032, 01725, }
{04143, 04645, 03133, 03634, 01022, 05713, 0102, 01322, 01122, 03443, 03063, 06755, 06366, 07767, 06675, 02624, }
{04143, 04645, 03133, 03634, 01022, 06755, 02064, 03443, 02243, 05746, 06455, 06655, }
{04143, 04645, 03133, 03634, 01022, 06755, 02064, 03443, 02243, 01736, 06052, }
{04143, 04645, 03133, 03634, 01022, 06755, 02064, 05746, 04344, 05536, 06446, 03746, 05153, 04767, 06052, 02624, 03031, }
{04143, 04645, 03133, 03634, 01022, 06755, 02064, 05746, 04344, 05536, 07173, 04664, }
{04143, 04645, 03133, 03634, 01022, 06755, 02064, 05713, 04344, }
{04143, 04645, 03133, 03634, 01022, 06755, 04344, 05536, 05153, 02624, 06052, 01725, 02042, 02433, 05233, 05724, }
{04143, 04645, 03133, 03634, 01022, 06755, 04344, 05536, 05153, 02624, 06052, 01725, 02042, 03715, }
{04143, 04645, 03133, 03634, 01022, 06755, 04344, 05536, 02241, 02624, 02122, 01725, 05153, }
{04143, 04645, 03133, 03634, 01022, 03443, 02243, 01736, }
{04143, 04645, 03133, 03634, 01022, 01725, 06052, 06755, 04344, 05543, 05032, }
{04143, 04645, 03133, 03634, 01022, 01725, 06052, 06755, 04334, 04534, 05014, 05713, }
{04143, 04645, 03133, 03634, 01031, 02624, 04334, 04534, 06052, 01725, }
{04143, 04645, 03133, 03634, 01031, 02624, 04334, 04534, 05014, 02736, }
{04143, 04645, 03133, 03634, 01031, 02624, 04334, 03734, 06052, 02433, 05023, 03435, 04060, 06755, 03112, 01725, 01233, 02533, 05233, 0605, }
{04143, 04645, 03133, 03634, 01031, 02624, 04334, 03734, 06052, 02433, 05023, 03435, 04060, 06755, 03112, 01725, 01233, 02533, 03033, 03533, 05233, 02736, }
{04143, 04645, 03133, 03634, 01031, 02624, 06052, 0605, 04334, }
{04143, 04645, 03133, 03634, 01031, 02624, 06052, 01725, 04334, }
{04143, 04645, 03133, 03634, 01031, 02624, 06052, 02433, 04334, }
{04143, 04645, 03133, 03634, 01031, 02624, 06052, 06755, 04334, 04534, 05014, 02736, 01436, 01736, 04060, 05746, 03324, 03624, 03112, }
{04143, 04645, 03133, 03634, 01031, 02624, 06052, 06755, 04334, 05534, 03112, 01736, }
{04143, 04645, 03133, 03634, 01031, 06755, 04344, 05536, 02122, 02624, 05032, 01725, }
{04143, 04645, 03133, 03634, 01031, 06755, 04344, 05536, 02122, 02624, 05153, 01725, 03152, 03715, }
{04143, 04645, 03133, 03634, 01031, 06755, 04344, 05536, 05032, 02624, 02122, 01725, 06041, }
{04143, 04645, 03133, 03634, 01031, 06755, 04344, 05536, 05032, 02624, 02122, 01615, 06041, }
{04143, 04645, 03133, 03634, 01031, 06755, 04344, 05536, 05153, 02624, 02122, 01725, 03152, 03715, 06162, }
{04143, 04645, 03133, 03634, 01031, 06755, 04344, 05536, 05153, 02624, 02122, 01725, 03152, 02433, }
{04143, 04645, 03133, 03634, 01031, 01725, 06052, }
{04143, 04645, 03133, 03634, 01031, 0605, 06052, 02624, 04334, 04534, 03324, }
{04143, 04645, 03133, 03634, 01031, 0605, 06052, 02624, 03324, 05724, 05032, 06755, }
{04143, 04645, 03133, 03634, 01031, 03443, 03143, 01736, }
{04143, 04645, 03133, 03634, 01031, 05746, 06052, }
{04143, 04645, 03133, 03634, 04344, 02624, 02122, 01725, 06052, 03715, }
{04143, 04645, 03133, 03634, 04344, 02624, 02122, 01725, 06052, 02736, }
{04143, 04645, 03133, 03634, 04344, 02624, 02122, 03715, 06052, 01725, 0102, }
{04143, 04645, 03133, 03634, 04344, 02624, 06052, 01725, }
{04143, 04645, 03133, 03634, 04334, 04534, 06052, 06755, }
{04143, 04645, 03133, 03634, 04334, 04534, 05032, 05735, }
{04143, 04645, 03132, 03634, 01031, 06755, 06052, }
{04143, 04645, 03132, 03634, 01031, 02624, 06052, }
{04143, 04645, 03132, 02624, 06052, }
{04143, 02625, 03133, 03634, 01031, 03443, 03143, 01736, 05023, 06755, 04364, }
{04143, 02625, 03133, 03634, 01031, 03443, 03143, 01736, 06052, 06755, 04355, }
{04143, 02625, 03133, 03634, 01031, 03443, 03143, 01736, 04364, }
{04143, 02625, 03133, 03634, 01031, 03443, 03143, 02754, 04362, 05465, 07173, 07675, 06052, 01736, 07374, 06576, 05032, 07632, 03032, 03726, }
{04143, 02625, 03133, 03634, 01031, 03443, 03143, 02754, 04362, 05465, 07173, 07675, 07374, 06576, 06052, 01736, 05032, 07632, 03032, 03726, }
{04143, 02625, 03133, 03634, 01031, 03443, 03143, 02754, 04362, 05465, 06052, }
{04143, 02625, 03133, 03634, 01031, 03443, 03143, 06755, 04355, 06655, 02122, }
{04143, 02625, 03133, 03634, 01031, 03443, 03143, 06755, 04355, 04655, 02122, }
{04143, 02625, 03133, 03634, 01022, 03443, 02243, 01736, 05023, }
{04143, 02625, 03133, 03634, 01022, 03443, 02243, 01736, 06052, }
{04143, 02625, 03133, 03634, 01022, 03443, 02243, 02754, 04362, 05465, 07173, 07675, 06052, }
{04143, 02625, 03133, 03634, 01022, 03443, 02243, 02754, 04362, 05465, 06052, }
{04143, 02625, 03133, 03634, 01022, 03443, 02243, 06755, 04355, 06655, 02122, }
{04143, 02625, 03133, 03634, 01022, 03443, 02243, 06755, 04355, 04655, 02122, }
{04143, 02625, 03133, 03634, 01022, 06665, 07172, }
{04143, 02625, 03133, 03634, 04334, 02534, 02123, 06755, 01022, 04645, 06052, 05746, 02334, }
{04143, 02625, 03133, 03634, 04334, 02534, 02123, 06755, 01022, 04645, 06052, 05713, 02334, }
{04143, 02625, 03133, 03634, 04334, 02534, 02123, 06755, 01022, 01725, 02064, }
{04143, 02625, 03133, 03634, 04334, 02534, 02123, 06755, 01022, 06665, 03012, 05766, 02334, 04767, 05041, }
{04143, 02625, 03133, 03634, 04334, 02534, 02123, 06755, 01022, 06665, 02334, 05534, }
{04143, 02625, 03133, 03634, 04334, 02534, 05032, 01725, }
{04143, 02625, 03133, 03634, 04344, 02754, 01022, 04645, }
{04143, 02625, 03133, 03634, 04344, 02754, 07173, 07674, }
{04143, 02625, 03133, 03634, 04344, 02754, 06052, 04645, 05041, 02524, }
{04143, 02625, 03133, 03634, 04344, 02754, 02122, 04645, 05041, }
{04143, 02625, 02123, 03634, 04334, 02534, }
{04143, 02625, 02123, 03634, 02334, 02534, 04334, 06755, 01022, }
{04143, 02625, 02123, 04644, 06052, }
{04143, 02625, 01022, 03634, 03133, 03443, }
{04143, 02625, 01022, 03634, 06052, 02763, }
{04143, 02625, 03132, 03634, 01031, 06665, }
{04143, 02625, 03132, 04644, 06052, 03635, }
{04143, 03635, 03133, 06755, 01022, 06665, 05153, 05766, 06052, 04767, 05032, 01725, }
{04143, 03635, 03133, 06755, 01022, 06665, 05153, 05766, 06052, 04767, 02042, }
{04143, 03635, 03133, 06755, 01022, 06665, 05153, 05766, 06052, 02624, 05014, 02736, 04344, 05563, 04445, }
{04143, 03635, 03133, 06755, 01022, 06665, 05153, 05766, 06052, 02624, 03324, }
{04143, 03635, 03133, 06755, 01022, 06665, 05153, 05766, 04344, 05536, 06052, 04767, }
{04143, 03635, 03133, 06755, 01022, 06665, 06052, 05766, 05041, 04767, 04060, 02763, }
{04143, 03635, 03133, 06755, 01022, 06665, 06052, 05766, 05041, 02625, 04060, }
{04143, 03635, 03133, 06755, 01022, 06665, 06052, 05766, 07172, }
{04143, 03635, 03133, 06755, 01022, 06665, 02042, 02625, }
{04143, 03635, 03133, 06755, 01022, 06665, 06162, 05766, 05061, }
{04143, 03635, 03133, 06755, 01022, 06665, 02064, 05766, }
{04143, 03635, 03133, 06755, 01022, 06665, 05041, 05766, 06052, }
{04143, 03635, 03133, 06755, 01022, 06665, 05023, 05766, 06052, 04767, }
{04143, 03635, 03133, 06755, 01022, 06665, 05152, 02625, }
{04143, 03635, 03133, 06755, 01022, 02625, 05153, 03704, 05032, }
{04143, 03635, 03133, 06755, 01022, 02625, 06052, }
{04143, 03635, 03133, 06755, 05152, 06665, }
{04143, 03635, 03133, 06755, 05032, 04644, 02122, 01725, }
{04143, 03635, 03133, 06665, 01022, 06755, 05153, }
{04143, 03635, 03133, 06665, 01022, 05766, 05153, }
{04143, 03635, 03133, 06665, 06052, 05766, }
{04143, 03635, 03133, 06665, 02123, 05766, 01022, 06755, 05152, }
{04143, 03635, 01022, 02624, }
{04143, 06755, 04344, 05534, 03133, 03635, 06052, 02763, 05041, 04645, 04060, 05746, 02123, }
{04143, 06755, 04344, 05534, 03133, 03635, 06052, 02763, 05041, 02625, 05264, }
{04143, 06755, 04344, 05534, 03133, 03635, 06052, 06665, 05023, 03415, }
{04143, 06755, 04344, 05534, 03133, 03635, 06052, 06665, 02123, }
{04143, 06755, 04344, 05534, 03133, 03635, 06052, 03544, }
{04143, 06755, 04344, 05534, 03133, 03635, 02123, 03415, 05153, 03544, 05344, 01725, }
{04143, 06755, 04344, 05534, 03133, 03635, 02123, 03415, 04435, 02635, }
{04143, 06755, 04344, 05534, 02123, 03415, 03133, }
{04143, 06755, 04344, 05534, 01022, 03422, 01122, }
{04143, 06755, 01022, 04644, 06162, }
{04143, 06755, 01022, 03634, 04344, }
{04143, 06665, 03133, 05766, 01022, }
{04143, 06665, 03133, 05766, 06052, }
{04143, 06665, 03133, 03635, 01022, 06755, }
{04143, 06665, 03133, 03635, 06052, }
{04143, 06665, 03133, 02625, 01022, }
{04143, 06665, 06052, }
{04143, 03634, 04334, 06755, 03133, }
{04143, 03634, 04334, 03734, 01022, 03404, 03133, 06755, 06052, 02763, }
{04143, 03634, 04334, 03734, 01022, 03404, 06052, 06755, 03133, 02763, }
{04143, 01725, 06052, 04644, 05014, }
{04143, 01725, 03133, 03634, }
{03133, 06755, 02123, 04645, 01022, 05713, 04142, 04767, 05032, 03634, 06052, }
{03133, 06755, 02123, 04645, 01022, 05713, 04142, 04767, 05032, 02624, 06052, 03634, 04060, 03423, }
{03133, 06755, 02123, 04645, 01022, 05713, 04142, 02624, 05032, 04767, }
{03133, 06755, 02123, 04645, 01022, 05713, 04142, 02624, 05032, 01725, }
{03133, 06755, 02123, 04645, 01022, 05713, 04142, 02624, 06052, 04767, }
{03133, 06755, 02123, 04645, 01022, 05713, 04142, 01615, 05032, 02716, 06052, 04767, }
{03133, 06755, 02123, 04645, 01022, 05713, 04142, 01615, 06052, 02716, }
{03133, 06755, 02123, 04645, 01022, 05713, 03021, 04767, 0102, 01322, 02122, 01615, 02064, 02716, }
{03133, 06755, 02123, 04645, 01022, 05713, 03021, 04767, 0102, 01322, 02122, 01615, 06052, 02716, 04142, 03635, }
{03133, 06755, 02123, 04645, 01022, 05713, 03021, 04767, 0102, 01322, 02122, 03635, 02064, }
{03133, 06755, 02123, 04645, 01022, 05713, 03021, 04767, 06052, }
{03133, 06755, 02123, 04645, 01022, 05713, 03021, 02624, 03324, 04767, 0102, }
{03133, 06755, 02123, 04645, 01022, 05713, 03021, 02624, 03324, 01324, }
{03133, 06755, 02123, 04645, 01022, 05713, 03021, 03634, 02334, }
{03133, 06755, 02123, 04645, 01022, 05713, 03021, 03635, }
{03133, 06755, 02123, 04645, 01022, 05713, 06052, 01615, }
{03133, 06755, 02123, 04645, 01022, 05713, 06052, 02624, }
{03133, 06755, 02123, 04645, 01022, 05713, 05152, 03634, 0102, 01322, }
{03133, 06755, 02123, 04645, 01022, 05713, 05152, 02624, 03334, 03635, }
{03133, 06755, 02123, 04645, 01022, 05713, 0102, 01322, 01122, 02624, }
{03133, 06755, 02123, 04645, 01022, 05713, 02064, 07675, }
{03133, 06755, 02123, 04645, 01022, 05713, 03012, 02624, 03324, }
{03133, 06755, 02123, 04645, 01022, 05713, 06162, 02624, }
{03133, 06755, 02123, 04645, 01022, 03634, 06052, 02625, 04142, 01736, 05032, }
{03133, 06755, 02123, 04645, 01022, 03634, 06052, 02625, 02064, }
{03133, 06755, 02123, 04645, 01022, 03634, 06052, 05746, 02064, 07675, }
{03133, 06755, 02123, 04645, 01022, 03634, 06052, 05746, 02053, }
{03133, 06755, 02123, 04645, 01022, 03634, 06052, 02624, }
{03133, 06755, 02123, 04645, 01022, 03634, 02064, 05746, 06052, }
{03133, 06755, 02123, 04645, 01022, 03634, 02064, 01736, 04142, }
{03133, 06755, 02123, 04645, 01022, 03634, 02334, 04534, 02064, 05746, }
{03133, 06755, 02123, 04645, 06052, 03634, 01022, 02625, 04142, 01736, 05032, }
{03133, 06755, 02123, 04645, 06052, 03634, 01022, 02625, 02064, }
{03133, 06755, 02123, 04645, 06052, 03634, 01022, 05746, 02064, 07675, 06473, }
{03133, 06755, 02123, 04645, 06052, 03634, 01022, 05746, 02064, 04767, }
{03133, 06755, 02123, 04645, 06052, 03634, 01022, 05746, 02053, }
{03133, 06755, 02123, 04645, 06052, 03634, 01022, 02624, }
{03133, 06755, 02123, 04645, 06052, 03634, 01022, 05713, }
{03133, 06755, 02123, 04645, 06052, 03634, 06162, 03423, }
{03133, 06755, 02123, 04645, 06052, 03634, 02064, 05746, }
{03133, 06755, 02123, 04645, 06052, 03634, 02064, 07675, }
{03133, 06755, 02123, 04645, 06052, 01615, 06162, 02716, 05061, 05746, 04060, }
{03133, 06755, 02123, 04645, 06052, 01615, 06162, 02716, 05061, 05713, }
{03133, 06755, 02123, 04645, 06052, 01615, 06162, 02705, 01112, }
{03133, 06755, 02123, 04645, 06052, 01615, 06162, 05713, 02031, }
{03133, 06755, 02123, 04645, 06052, 01615, 01022, 05713, }
{03133, 06755, 02123, 04645, 06052, 01615, 0102, 02716, 01022, 03634, 02334, }
{03133, 06755, 02123, 04645, 06052, 01615, 0102, 02624, 03334, }
{03133, 06755, 02123, 04645, 06052, 01615, 04142, 02716, 05032, }
{03133, 06755, 02123, 04645, 06052, 05713, 01022, }
{03133, 06755, 02123, 04645, 06052, 05713, 02031, }
{03133, 06755, 02123, 04645, 06052, 02624, 03334, 04534, }
{03133, 06755, 02123, 04645, 06052, 02624, 06162, }
{03133, 06755, 02123, 04645, 06052, 02624, 01022, }
{03133, 06755, 02123, 04645, 06162, 03634, 06052, 03423, }
{03133, 06755, 02123, 04645, 06162, 03634, 06052, 05746, }
{03133, 06755, 02123, 04645, 06162, 03634, 05061, 03423, 06052, }
{03133, 06755, 02123, 04645, 06162, 03634, 05061, 05746, }
{03133, 06755, 02123, 04645, 06162, 02624, 03334, 04534, 02334, 03635, }
{03133, 06755, 02123, 04645, 06162, 02624, 06052, 02433, }
{03133, 06755, 02123, 04645, 06162, 05713, 02031, 01346, }
{03133, 06755, 02123, 04645, 06162, 05713, 01022, 02624, }
{03133, 06755, 02123, 04645, 06162, 05713, 01031, 02624, }
{03133, 06755, 02123, 06665, 01022, 05766, 04143, 03635, 05152, 04767, 02042, 04644, 03334, }
{03133, 06755, 02123, 06665, 01022, 05766, 04143, 03635, 05152, 04767, 02042, 01725, }
{03133, 06755, 02123, 06665, 01022, 05766, 04143, 03635, 05152, 04767, 02042, 02624, }
{03133, 06755, 02123, 06665, 01022, 05766, 04143, 03635, 05152, 04767, 02042, 01736, }
{03133, 06755, 02123, 06665, 01022, 05766, 04143, 03635, 05152, 04767, 02064, }
{03133, 06755, 02123, 06665, 01022, 05766, 04143, 03635, 05152, 04644, }
{03133, 06755, 02123, 06665, 01022, 05766, 04143, 03635, 05152, 02625, }
{03133, 06755, 02123, 06665, 01022, 05766, 04143, 03635, 06052, 04767, 05041, 04644, 04060, 01725, 03334, 02546, 05240, }
{03133, 06755, 02123, 06665, 01022, 05766, 04143, 03635, 06052, 04767, 05041, 04644, 04060, 01725, 02042, 05563, }
{03133, 06755, 02123, 06665, 01022, 05766, 04143, 03635, 06052, 04767, 05041, 04644, 04060, 01736, }
{03133, 06755, 02123, 06665, 01022, 05766, 04143, 03635, 06052, 04767, 05041, 04644, 02042, 05563, }
{03133, 06755, 02123, 06665, 01022, 05766, 04143, 03635, 06052, 04767, 05041, 04644, 03334, }
{03133, 06755, 02123, 06665, 01022, 05766, 04143, 03635, 06052, 04767, 05041, 01736, }
{03133, 06755, 02123, 06665, 01022, 05766, 04143, 03635, 06052, 04767, 07172, 04644, }
{03133, 06755, 02123, 06665, 01022, 05766, 04143, 03635, 05041, 04767, 06052, 04644, 04060, 01725, 03334, }
{03133, 06755, 02123, 06665, 01022, 05766, 04143, 03635, 05041, 04767, 06052, 04644, 04060, 01736, }
{03133, 06755, 02123, 06665, 01022, 05766, 04143, 03635, 05041, 04767, 06052, 04644, 02042, }
{03133, 06755, 02123, 06665, 01022, 05766, 04143, 03635, 05041, 04767, 06052, 01736, }
{03133, 06755, 02123, 06665, 01022, 05766, 04143, 03635, 05041, 04767, 02064, 02624, }
{03133, 06755, 02123, 06665, 01022, 05766, 04143, 03635, 05153, 04767, 06052, 02624, }
{03133, 06755, 02123, 06665, 01022, 05766, 04143, 03635, 06041, }
{03133, 06755, 02123, 06665, 01022, 05766, 04143, 04767, 06052, 03635, 05041, }
{03133, 06755, 02123, 06665, 01022, 05766, 04143, 04767, 02042, }
{03133, 06755, 02123, 06665, 01022, 05766, 06052, 03634, 03012, }
{03133, 06755, 02123, 06665, 01022, 05766, 06052, 03634, 02334, }
{03133, 06755, 02123, 06665, 01022, 05766, 06052, 04767, }
{03133, 06755, 02123, 06665, 01022, 03634, 02334, 05534, 04143, 03422, 01122, 05766, 05023, 02624, 06041, 04767, }
{03133, 06755, 02123, 06665, 01022, 03634, 02334, 05534, 04143, 03422, 01122, 05766, 05023, 04767, 06041, 02624, }
{03133, 06755, 02123, 06665, 01022, 03634, 02334, 05534, 04143, 03422, 01122, 05766, 05023, 04767, 02042, 02624, }
{03133, 06755, 02123, 06665, 01022, 03634, 02334, 05534, 04143, 03422, 01122, 05766, 06052, 02624, 010, 04767, 05041, 02433, }
{03133, 06755, 02123, 06665, 01022, 03634, 02334, 05534, 04143, 03422, 01122, 05766, 06052, 02624, 02042, 03704, }
{03133, 06755, 02123, 06665, 01022, 03634, 02334, 05534, 04143, 03422, 01122, 05766, 06052, 02624, 05014, 01725, }
{03133, 06755, 02123, 06665, 01022, 03634, 02334, 05534, 04143, 03422, 01122, 05766, 02042, }
{03133, 06755, 02123, 06665, 01022, 03634, 02334, 05534, 04143, 03422, 01122, 02624, 05023, }
{03133, 06755, 02123, 06665, 01022, 03634, 06052, 05766, 03012, 03423, 01223, 04767, 04143, 01705, 05041, }
{03133, 06755, 02123, 06665, 01022, 03634, 06052, 05766, 03012, 03423, 01223, 04767, 04143, 02763, }
{03133, 06755, 02123, 06665, 01022, 03634, 06052, 05766, 03012, 03423, 01223, 04767, 04143, 0605, }
{03133, 06755, 02123, 06665, 01022, 03634, 06052, 05766, 02334, 05534, 04143, }
{03133, 06755, 02123, 06665, 01022, 03634, 06052, 05766, 02064, 05543, 02334, }
{03133, 06755, 02123, 06665, 01022, 03634, 06052, 05766, 02053, 04767, 04142, }
{03133, 06755, 02123, 06665, 01022, 03634, 06052, 05766, 04142, 02625, 05032, }
{03133, 06755, 02123, 06665, 01022, 03634, 06052, 05766, 04142, 04767, 02031, }
{03133, 06755, 02123, 06665, 01022, 03634, 02053, 05766, 04142, 02624, }
{03133, 06755, 02123, 06665, 01022, 03634, 02053, 05766, 06052, 04767, 04142, }
{03133, 06755, 02123, 06665, 01022, 03634, 02053, 05766, 020, 05574, }
{03133, 06755, 02123, 06665, 01022, 03634, 02064, 05543, 06473, }
{03133, 06755, 02123, 06665, 06052, 05766, 01022, 03634, }
{03133, 06755, 02123, 06665, 06052, 05766, 06162, 04767, }
{03133, 06755, 02123, 06665, 06052, 03635, 01022, 05766, 04143, }
{03133, 06755, 02123, 06665, 06162, 05766, 05061, 04767, }
{03133, 06755, 02123, 06665, 06162, 05766, 06052, 04767, }
{03133, 06755, 02123, 06665, 06162, 05766, 01022, 04767, 05061, }
{03133, 06755, 02123, 06665, 06162, 02625, 05061, }
{03133, 06755, 02123, 02624, 03334, 01614, 02314, 0605, 01405, 06665, }
{03133, 06755, 02123, 02624, 03334, 01614, 02314, 0605, 04142, 06665, }
{03133, 06755, 02123, 02624, 03334, 01614, 02314, 0605, 05152, 0514, }
{03133, 06755, 02123, 02624, 03334, 01614, 02314, 0605, 01415, 03715, }
{03133, 06755, 02123, 02624, 03334, 01614, 06052, 06665, }
{03133, 06755, 02123, 02624, 03334, 01614, 06052, 02716, }
{03133, 06755, 02123, 02624, 03334, 04645, 01022, 04534, 02334, 03635, 06052, 06665, 04143, }
{03133, 06755, 02123, 02624, 03334, 04645, 01022, 04534, 02334, 03635, 04143, 06665, 06052, }
{03133, 06755, 02123, 02624, 03334, 04645, 01022, 04534, 02334, 03635, 06162, 06665, 05061, }
{03133, 06755, 02123, 02624, 03334, 04645, 06052, 04534, }
{03133, 06755, 02123, 02624, 03334, 04645, 06162, 04534, 02334, 03635, }
{03133, 06755, 02123, 02624, 03334, 06665, 01022, 03635, }
{03133, 06755, 02123, 02624, 03334, 04644, 01022, 03635, 04143, 05746, 05032, }
{03133, 06755, 02123, 02624, 06052, 04645, 03334, }
{03133, 06755, 02123, 02624, 06052, 02433, 05233, 04645, }
{03133, 06755, 02123, 04644, 03344, 05563, 06052, }
{03133, 06755, 02123, 04644, 03344, 05543, 06052, }
{03133, 06755, 02123, 03635, 01022, 04644, }
{03133, 06755, 02123, 03635, 06052, 01736, }
{03133, 06755, 06052, 04645, 02123, 03634, 01022, }
{03133, 06755, 06052, 04645, 02123, 01615, 06162, }
{03133, 06755, 06052, 04645, 02123, 05713, 01022, }
{03133, 06755, 06052, 04645, 02123, 02624, 03334, }
{03133, 06755, 06052, 04645, 02064, }
{03133, 06755, 06052, 03634, 02123, 02625, 01022, }
{03133, 06755, 06052, 03634, 02123, 04645, 01022, }
{03133, 06755, 06052, 03634, 02123, 03423, 04142, }
{03133, 06755, 06052, 03634, 04142, }
{03133, 06755, 06052, 06665, 02123, 05766, 01022, }
{03133, 06755, 06052, 06665, 02123, 03635, 01022, 05766, 04143, }
{03133, 06755, 06052, 06665, 06162, }
{03133, 06755, 06052, 06665, 02064, }
{03133, 06755, 06052, 01615, 02123, }
{03133, 06755, 06052, 02624, 02123, }
{03133, 06755, 06052, 03635, 02123, 01736, }
{03133, 06755, 06052, 03635, 06162, }
{03133, 03634, 02123, 04645, 01022, 06755, 06052, 02625, 04142, }
{03133, 03634, 02123, 04645, 01022, 06755, 06052, 05746, 02064, 07675, }
{03133, 03634, 02123, 04645, 01022, 06755, 06052, 05746, 02053, }
{03133, 03634, 02123, 04645, 01022, 06755, 06052, 02624, }
{03133, 03634, 02123, 04645, 01022, 06755, 02064, 05746, 06052, }
{03133, 03634, 02123, 04645, 01022, 06755, 02064, 01736, 04142, }
{03133, 03634, 02123, 04645, 01022, 06755, 02334, 04534, 02064, 05746, }
{03133, 03634, 02123, 04645, 01022, 05746, 06052, 06755, 02064, 07675, }
{03133, 03634, 02123, 04645, 01022, 05746, 06052, 06755, 02053, }
{03133, 03634, 02123, 04645, 01022, 05746, 02334, 04534, 02053, 02625, }
{03133, 03634, 02123, 04645, 01022, 02625, 06052, 06755, }
{03133, 03634, 02123, 04645, 01022, 02625, 04142, 06755, 06052, 01736, 05032, }
{03133, 03634, 02123, 04645, 01022, 02624, 02334, 04534, 06052, 01725, 06162, 06755, 05061, 05746, 04060, 04767, 02064, 02433, }
{03133, 03634, 02123, 04645, 01022, 02624, 02334, 04534, 06052, 01725, 06162, 06755, 05061, 05746, 04060, 04767, 03324, 04624, 02064, 03433, }
{03133, 03634, 02123, 04645, 06052, 06755, 01022, 02625, 04142, }
{03133, 03634, 02123, 04645, 06052, 06755, 01022, 05746, 02064, }
{03133, 03634, 02123, 04645, 06052, 06755, 01022, 02624, }
{03133, 03634, 02123, 04645, 06052, 06755, 06162, 03423, }
{03133, 03634, 02123, 04645, 06052, 06755, 02064, 05746, }
{03133, 03634, 02123, 04645, 06052, 02624, }
{03133, 03634, 02123, 04645, 06162, 06755, 06052, }
{03133, 03634, 02123, 02625, 06052, 06755, 01022, 04645, 04142, 01736, 05032, }
{03133, 03634, 02123, 02625, 06052, 06755, 01022, 04645, 02064, 03423, }
{03133, 03634, 02123, 02625, 06052, 06755, 01022, 04645, 03012, }
{03133, 03634, 02123, 02625, 06052, 06755, 01022, 03423, 0103, 02754, 04142, }
{03133, 03634, 02123, 02625, 06052, 06755, 01022, 03423, 0103, 02763, }
{03133, 03634, 02123, 02625, 06052, 06755, 01022, 03423, 04143, }
{03133, 03634, 02123, 02625, 06052, 06755, 01022, 0605, 04142, }
{03133, 03634, 02123, 02625, 06052, 06755, 04142, 04645, }
{03133, 03634, 02123, 02625, 06052, 06755, 02334, 02534, 01022, 01725, 02053, 02754, }
{03133, 03634, 02123, 02625, 06052, 06755, 03021, 06665, }
{03133, 03634, 02123, 02625, 06052, 04645, 01022, }
{03133, 03634, 02123, 02625, 01022, 06755, 06052, 04645, 04142, }
{03133, 03634, 02123, 02625, 01022, 06755, 06052, 03423, }
{03133, 03634, 02123, 02625, 01022, 06755, 04142, 04645, }
{03133, 03634, 02123, 02625, 01022, 06755, 02334, 02534, 06052, }
{03133, 03634, 02123, 02625, 01022, 04645, 06052, 06755, }
{03133, 03634, 02123, 02625, 01022, 04645, 04142, 06755, 06052, 01736, 05032, }
{03133, 03634, 02123, 02625, 01022, 04644, 02334, }
{03133, 03634, 02123, 02625, 02334, 02534, 01022, 06755, }
{03133, 03634, 02123, 02625, 04142, 06755, }
{03133, 03634, 02123, 03423, 06052, 06755, 04142, 04645, 05023, }
{03133, 03634, 02123, 03423, 06052, 06755, 04142, 02763, }
{03133, 03634, 02123, 03423, 06052, 06755, 01022, 02625, }
{03133, 03634, 02123, 03423, 06052, 06755, 03003, 01725, }
{03133, 03634, 02123, 03423, 06052, 0605, 04142, }
{03133, 03634, 02123, 03423, 06052, 02624, 03334, }
{03133, 03634, 02123, 03423, 04143, 06755, }
{03133, 03634, 02123, 03423, 04143, 04644, }
{03133, 03634, 02123, 03423, 04143, 02624, }
{03133, 03634, 02123, 03423, 04142, 06755, 06052, }
{03133, 03634, 02123, 03423, 04142, 04644, 05023, }
{03133, 03634, 02123, 01725, 06052, }
{03133, 03634, 06052, 06755, 02123, 02625, 01022, }
{03133, 03634, 06052, 06755, 02123, 04645, 01022, 02625, }
{03133, 03634, 06052, 06755, 02123, 04645, 06162, }
{03133, 03634, 06052, 06755, 02123, 03423, 04142, }
{03133, 03634, 06052, 06755, 04142, 04645, }
{03133, 03634, 06052, 06755, 02064, }
{03133, 03634, 06052, 02624, }
{03133, 03634, 06052, 04645, }
{03133, 05654, 06162, 06755, 05061, 06665, 06052, }
{03133, 05654, 06162, 06755, 05061, 04645, }
{03133, 05654, 06162, 06755, 06052, 06665, }
{03133, 05654, 06162, 06755, 02123, 04645, }
{03133, 05654, 02123, 04645, }
{03133, 05654, 06052, 06755, 06162, }
{03133, 05654, 06052, 04645, 06162, }
{03133, 05654, 01022, 03634, }
{03133, 05654, 04143, 05443, 01022, 06755, 02064, }
{03133, 05654, 02064, 06665, }
{03133, 04645, 04143, 03634, 01022, 05713, 04344, }
{03133, 04645, 04143, 03634, 01022, 06755, 02064, }
{03133, 04645, 04143, 03634, 01022, 03443, }
{03133, 04645, 04143, 03634, 01031, 02624, }
{03133, 04645, 04143, 03634, 01031, 06755, }
{03133, 04645, 04143, 03634, 04344, }
{03133, 04645, 02123, }
{03133, 03635, 04143, 06755, }
{03133, 03635, 06052, }
{03133, 06665, 04143, 05766, 01022, }
{03133, 06665, 04143, 03635, }
{03133, 06665, 02123, }
{02123, 06755, 03133, 04645, 01022, 05713, 04142, }
{02123, 06755, 03133, 04645, 01022, 03634, 06052, }
{02123, 06755, 03133, 04645, 06052, 03634, }
{02123, 06755, 03133, 04645, 06052, 01615, }
{02123, 06755, 03133, 04645, 06162, 03634, }
{02123, 06755, 03133, 06665, 01022, 05766, 04143, }
{02123, 06755, 03133, 06665, 01022, 03634, 02334, }
{02123, 06755, 03133, 06665, 01022, 03634, 06052, }
{02123, 06755, 03133, 06665, 06052, }
{02123, 06755, 03133, 02624, 03334, }
{02123, 06755, 03133, 04644, }
{02123, 06755, 06052, 02624, }
{02123, 06755, 01022, 04644, }
{02123, 04644, 01022, 06755, 06052, 01725, 06162, 05713, }
{02123, 04644, 01022, 06755, 06052, 01725, 04142, }
{02123, 04644, 01022, 06755, 06162, 05713, }
{02123, 04644, 01022, 06755, 06162, 03634, }
{02123, 04644, 01022, 01725, 06162, 06665, }
{02123, 04644, 01022, 01725, 06052, 06755, 06162, }
{02123, 04644, 01022, 03635, 06162, }
{02123, 04644, 06162, 06755, }
{02123, 04644, 06162, 01725, }
{02123, 02624, 06052, 06755, 01022, 04645, }
{02123, 02624, 06052, 06755, 06162, }
{02123, 02624, 06052, 01725, 01022, }
{02123, 02624, 06052, 06665, 03133, }
{02123, 02624, 01022, 06755, }
{02123, 02624, 06162, }
{02123, 04645, 03133, 06755, 01022, }
{02123, 04645, 03133, 03634, }
{02123, 04645, 01022, 06755, }
{02123, 04645, 06052, 06755, }
{02123, 04645, 06162, 03634, }
{02123, 06665, 03133, 06755, 01022, }
{02123, 06665, 03133, 05766, 01022, }
{02123, 06665, 01022, }
{02123, 06665, 06052, }
{02123, 02625, 04143, 03634, 04334, }
{02123, 02625, 04143, 04644, 06052, }
{02123, 02625, 03133, 03634, 06052, }
{02123, 02625, 06052, 03634, }
{06052, 06755, 03133, 04645, 02123, 03634, }
{06052, 06755, 03133, 04645, 02064, }
{06052, 06755, 03133, 03634, 02123, 02625, }
{06052, 06755, 03133, 03634, 04142, }
{06052, 06755, 03133, 06665, 02123, 05766, }
{06052, 06755, 03133, 06665, 06162, }
{06052, 06755, 03133, 01615, }
{06052, 06755, 03133, 02624, }
{06052, 06755, 02123, 02624, 01022, 04645, }
{06052, 06755, 02123, 02624, 06162, }
{06052, 06755, 02123, 04645, 03133, 03634, }
{06052, 06755, 02123, 04645, 01022, }
{06052, 06755, 02123, 06665, 03133, 05766, }
{06052, 06755, 02123, 06665, 01022, }
{06052, 06755, 02123, 01615, 06162, }
{06052, 06755, 02123, 02625, 03133, }
{06052, 06755, 06162, 03634, 05061, 02625, }
{06052, 06755, 06162, 06665, 02123, }
{06052, 06755, 06162, 01615, }
{06052, 03634, 03133, 06755, 02123, 02625, }
{06052, 03634, 03133, 06755, 02123, 04645, }
{06052, 03634, 03133, 06755, 04142, }
{06052, 03634, 03133, 02624, }
{06052, 03634, 03133, 04645, }
{06052, 03634, 02123, 04645, 03133, }
{06052, 03634, 02123, 02625, 03133, }
{06052, 03634, 02123, 03433, }
{06052, 03634, 06162, 06755, 05061, 02625, }
{06052, 03634, 06162, 02624, }
{06052, 03634, 06162, 02625, }
{06052, 02624, 04143, 03635, 03133, }
{06052, 02624, 04143, 01725, 03133, }
{06052, 02624, 04143, 04645, }
{06052, 02624, 02123, 06755, }
{06052, 06665, 03133, }
{06052, 06665, 04143, }
{06052, 01725, 04143, }
{06052, 05654, 03133, }
{06052, 03635, 03133, }
{06052, 04645, 02123, 06755, }
{06052, 04645, 03133, }
{06162, 03634, }
{06162, 04644, }
{06162, 06665, }
Book Loaded [793 openings, 2553 unique positions]
    a   b   c   d   e   f   g   h  
  +---+---+---+---+---+---+---+---+
8 | r | n | b | q | k | b | n | r | 8 
  +---+---+---+---+---+---+---+---+
7 | p | p | p | p | p | p | p | p | 7 
  +---+---+---+---+---+---+---+---+
6 |   |   |   |   |   |   |   |   | 6 
  +---+---+---+---+---+---+---+---+
5 |   |   |   |   |   |   |   |   | 5 
  +---+---+---+---+---+---+---+---+
4 |   |   |   |   |   |   |   |   | 4 
  +---+---+---+---+---+---+---+---+
3 |   |   |   |   |   |   |   |   | 3 
  +---+---+---+---+---+---+---+---+
2 | P | P | P | P | P | P | P | P | 2 
  +---+---+---+---+---+---+---+---+
1 | R | N | B | Q | K | B | N | R | 1 
  +---+---+---+---+---+---+---+---+
    a   b   c   d   e   f   g   h  
W 10:00.00	B 10:00.00
W To Move
Base Weights: 0xa052218
+-----
| BACE - Bowron Abernethy Chess Engine
| Written by Christopher Bowron - bowronch@cse.msu.edu
| $Revision: 1.1.1.1 $ $Date: 2005/05/25 13:54:02 $
| Compiled May 18 2005, 11:15:35
| http://www.cse.msu.edu/~bowronch/BACE
|
| Learning: Off
+-----
